                                     chan  17July  19July  21July  23July     mean    min     max  100*diff/mean
40                PDU_24VD/Main_T/limitHi    14.0    13.8    14.0    16.4   14.550   13.8    16.4          17.87
75          PDU_24VC/Body_Maq20_I/limitHi   285.0   291.0   285.0   285.0  286.500  285.0   291.0           2.09
76           PDU_24VC/Body_Maq20_I/warnHi   282.0   288.0   282.0   282.0  283.500  282.0   288.0           2.12
77           PDU_24VC/Body_Maq20_I/warnLo   256.0   256.0   256.0   256.0  256.000  256.0   256.0           0.00
78          PDU_24VC/Body_Maq20_I/limitLo   253.0   253.0   253.0   253.0  253.000  253.0   253.0           0.00
87           PDU_24VC/Cryo_Maq20_I/warnLo   980.0   980.0   980.0   980.0  980.000  980.0   980.0           0.00
88          PDU_24VC/Cryo_Maq20_I/limitLo   970.0   970.0   970.0   970.0  970.000  970.0   970.0           0.00
96           PDU_24VC/Int_Valves_I/warnHi    46.0    46.0    46.0    46.0   46.000   46.0    46.0           0.00
105      PDU_24VC/FES_CarouselC_I/limitHi   748.0   560.0   573.0   886.0  691.750  560.0   886.0          47.13
106       PDU_24VC/FES_CarouselC_I/warnHi   696.0   538.0   549.0   810.0  648.250  538.0   810.0          41.96
117        PDU_24VC/FES_ChangerC_I/warnLo   593.0   456.0   444.0   446.0  484.750  444.0   593.0          30.74
118       PDU_24VC/FES_ChangerC_I/limitLo   566.0   400.0   386.0   389.0  435.250  386.0   566.0          41.36
125        PDU_24VC/FES_LoaderC_I/limitHi     0.0     0.0     0.0     0.0    0.000    0.0     0.0            NaN
126         PDU_24VC/FES_LoaderC_I/warnHi     0.0     0.0     0.0     0.0    0.000    0.0     0.0            NaN
127         PDU_24VC/FES_LoaderC_I/warnLo     0.0     0.0     0.0     0.0    0.000    0.0     0.0            NaN
128        PDU_24VC/FES_LoaderC_I/limitLo     0.0     0.0     0.0     0.0    0.000    0.0     0.0            NaN
135          PDU_24VC/Shtr_PLC1_I/limitHi   562.0   581.0   569.0   562.0  568.500  562.0   581.0           3.34
136           PDU_24VC/Shtr_PLC1_I/warnHi   556.0   576.0   564.0   556.0  563.000  556.0   576.0           3.55
137           PDU_24VC/Shtr_PLC1_I/warnLo   462.0   455.0   462.0   462.0  460.250  455.0   462.0           1.52
138          PDU_24VC/Shtr_PLC1_I/limitLo   457.0   450.0   457.0   457.0  455.250  450.0   457.0           1.54
145          PDU_24VC/Shtr_PLC2_I/limitHi   321.0   324.0   335.0   321.0  325.250  321.0   335.0           4.30
146           PDU_24VC/Shtr_PLC2_I/warnHi   312.0   315.0   324.0   313.0  316.000  312.0   324.0           3.80
147           PDU_24VC/Shtr_PLC2_I/warnLo   188.0   185.0   176.0   175.0  181.000  175.0   188.0           7.18
148          PDU_24VC/Shtr_PLC2_I/limitLo   179.0   176.0   165.0   167.0  171.750  165.0   179.0           8.15
165         PDU_24VD/Cryo_Turbo_I/limitHi   364.0   376.0   358.0   269.0  341.750  269.0   376.0          31.31
166          PDU_24VD/Cryo_Turbo_I/warnHi   360.0   373.0   354.0   266.0  338.250  266.0   373.0          31.63
167          PDU_24VD/Cryo_Turbo_I/warnLo   203.0   221.0   222.0   222.0  217.000  203.0   222.0           8.76
168         PDU_24VD/Cryo_Turbo_I/limitLo   199.0   218.0   218.0   219.0  213.500  199.0   219.0           9.37
177                BFR/Dirty_24V_I/warnLo   353.0   334.0   329.0   318.0  333.500  318.0   353.0          10.49
178               BFR/Dirty_24V_I/limitLo   321.0   297.0   291.0   279.0  297.000  279.0   321.0          14.14
182                BFR/Dirty_28V_I/warnLo   899.0   900.0   807.0   801.0  851.750  801.0   900.0          11.62
183               BFR/Dirty_28V_I/limitLo   881.0   888.0   780.0   772.0  830.250  772.0   888.0          13.97
187                BFR/Dirty_48V_I/warnLo   764.0   773.0   793.0   782.0  778.000  764.0   793.0           3.73
188               BFR/Dirty_48V_I/limitLo   695.0   705.0   727.0   717.0  711.000  695.0   727.0           4.50
190             PDU_24VC/Gauges_I/limitHi   276.0   275.0   275.0   276.0  275.500  275.0   276.0           0.36
191              PDU_24VC/Gauges_I/warnHi   272.0   272.0   272.0   273.0  272.250  272.0   273.0           0.37
192              PDU_24VC/Gauges_I/warnLo   228.0   228.0   228.0   227.0  227.750  227.0   228.0           0.44
193             PDU_24VC/Gauges_I/limitLo   224.0   225.0   225.0   224.0  224.500  224.0   225.0           0.45
200          PDU_24VD/Hex_Turbo_I/limitHi   268.0   294.0   343.0   263.0  292.000  263.0   343.0          27.40
201           PDU_24VD/Hex_Turbo_I/warnHi   265.0   291.0   340.0   260.0  289.000  260.0   340.0          27.68
202           PDU_24VD/Hex_Turbo_I/warnLo   204.0   197.0   198.0   184.0  195.750  184.0   204.0          10.22
203          PDU_24VD/Hex_Turbo_I/limitLo   201.0   194.0   195.0   181.0  192.750  181.0   201.0          10.38
240        PDU_24VD/FES_LoaderD_I/limitHi     0.0     0.0     0.0     0.0    0.000    0.0     0.0            NaN
241         PDU_24VD/FES_LoaderD_I/warnHi     0.0     0.0     0.0     0.0    0.000    0.0     0.0            NaN
242         PDU_24VD/FES_LoaderD_I/warnLo     0.0     0.0     0.0     0.0    0.000    0.0     0.0            NaN
243        PDU_24VD/FES_LoaderD_I/limitLo     0.0     0.0     0.0     0.0    0.000    0.0     0.0            NaN
250        PDU_24VD/Shtr_Brakes_I/limitHi   768.0   762.0   762.0   768.0  765.000  762.0   768.0           0.78
251         PDU_24VD/Shtr_Brakes_I/warnHi   761.0   754.0   754.0   761.0  757.500  754.0   761.0           0.92
252         PDU_24VD/Shtr_Brakes_I/warnLo   670.0   670.0   664.0   670.0  668.500  664.0   670.0           0.90
253        PDU_24VD/Shtr_Brakes_I/limitLo   663.0   663.0   657.0   663.0  661.500  657.0   663.0           0.91
270              PDU_5V/OTM_0_A_I/limitHi   512.0   512.0   512.0   512.0  512.000  512.0   512.0           0.00
271               PDU_5V/OTM_0_A_I/warnHi   507.0   507.0   507.0   507.0  507.000  507.0   507.0           0.00
272               PDU_5V/OTM_0_A_I/warnLo   457.0   458.0   457.0   457.0  457.250  457.0   458.0           0.22
273              PDU_5V/OTM_0_A_I/limitLo   452.0   453.0   452.0   452.0  452.250  452.0   453.0           0.22
280              PDU_5V/OTM_0_B_I/limitHi     0.0     0.0     0.0     0.0    0.000    0.0     0.0            NaN
281               PDU_5V/OTM_0_B_I/warnHi     0.0     0.0     0.0     0.0    0.000    0.0     0.0            NaN
282               PDU_5V/OTM_0_B_I/warnLo     0.0     0.0     0.0     0.0    0.000    0.0     0.0            NaN
283              PDU_5V/OTM_0_B_I/limitLo     0.0     0.0     0.0     0.0    0.000    0.0     0.0            NaN
290              PDU_5V/OTM_1_A_I/limitHi   511.0   512.0   512.0   512.0  511.750  511.0   512.0           0.20
291               PDU_5V/OTM_1_A_I/warnHi   506.0   507.0   507.0   507.0  506.750  506.0   507.0           0.20
292               PDU_5V/OTM_1_A_I/warnLo   455.0   455.0   456.0   456.0  455.500  455.0   456.0           0.22
293              PDU_5V/OTM_1_A_I/limitLo   450.0   450.0   451.0   451.0  450.500  450.0   451.0           0.22
310              PDU_5V/OTM_2_A_I/limitHi   523.0   523.0   523.0   523.0  523.000  523.0   523.0           0.00
311               PDU_5V/OTM_2_A_I/warnHi   518.0   518.0   518.0   518.0  518.000  518.0   518.0           0.00
312               PDU_5V/OTM_2_A_I/warnLo   468.0   468.0   468.0   468.0  468.000  468.0   468.0           0.00
313              PDU_5V/OTM_2_A_I/limitLo   464.0   464.0   464.0   463.0  463.750  463.0   464.0           0.22
330              PDU_5V/OTM_3_A_I/limitHi   547.0   547.0   547.0   547.0  547.000  547.0   547.0           0.00
331               PDU_5V/OTM_3_A_I/warnHi   542.0   542.0   542.0   542.0  542.000  542.0   542.0           0.00
332               PDU_5V/OTM_3_A_I/warnLo   488.0   488.0   488.0   488.0  488.000  488.0   488.0           0.00
333              PDU_5V/OTM_3_A_I/limitLo   483.0   483.0   483.0   482.0  482.750  482.0   483.0           0.21
350              PDU_5V/OTM_4_A_I/limitHi   523.0   524.0   524.0   524.0  523.750  523.0   524.0           0.19
351               PDU_5V/OTM_4_A_I/warnHi   518.0   520.0   520.0   520.0  519.500  518.0   520.0           0.38
352               PDU_5V/OTM_4_A_I/warnLo   468.0   468.0   468.0   468.0  468.000  468.0   468.0           0.00
353              PDU_5V/OTM_4_A_I/limitLo   464.0   464.0   464.0   464.0  464.000  464.0   464.0           0.00
370              PDU_5V/OTM_5_A_I/limitHi   495.0   495.0   495.0   495.0  495.000  495.0   495.0           0.00
371               PDU_5V/OTM_5_A_I/warnHi   490.0   490.0   490.0   490.0  490.000  490.0   490.0           0.00
372               PDU_5V/OTM_5_A_I/warnLo   442.0   442.0   442.0   442.0  442.000  442.0   442.0           0.00
373              PDU_5V/OTM_5_A_I/limitLo   437.0   438.0   438.0   437.0  437.500  437.0   438.0           0.23
380              PDU_5V/OTM_5_B_I/limitHi     0.0     0.0     0.0     0.0    0.000    0.0     0.0            NaN
381               PDU_5V/OTM_5_B_I/warnHi     0.0     0.0     0.0     0.0    0.000    0.0     0.0            NaN
382               PDU_5V/OTM_5_B_I/warnLo     0.0     0.0     0.0     0.0    0.000    0.0     0.0            NaN
383              PDU_5V/OTM_5_B_I/limitLo     0.0     0.0     0.0     0.0    0.000    0.0     0.0            NaN
392               BFR/Protection_I/warnLo   768.0   882.0   882.0   744.0  819.000  744.0   882.0          16.85
393              BFR/Protection_I/limitLo   750.0   872.0   872.0   721.0  803.750  721.0   872.0          18.79
395           PDU_48V/Purge_Fan_I/limitHi   964.0  1010.0   994.0   985.0  988.250  964.0  1010.0           4.65
396            PDU_48V/Purge_Fan_I/warnHi   949.0   985.0   974.0   966.0  968.500  949.0   985.0           3.72
397            PDU_48V/Purge_Fan_I/warnLo   514.0   496.0   501.0   502.0  503.250  496.0   514.0           3.58
398           PDU_48V/Purge_Fan_I/limitLo   499.0   475.0   481.0   484.0  484.750  475.0   499.0           4.95
401            PDU_48V/Purge_Fan_V/warnHi    50.0    49.9    49.9    49.9   49.925   49.9    50.0           0.20
411        PDU_48V/FES_CarouselD_V/warnHi    50.0    49.9    50.0    50.0   49.975   49.9    50.0           0.20
443         PDU_48V/Shtr_Motor2_V/limitLo    43.0    35.4    44.8    34.6   39.450   34.6    44.8          25.86
473   REB_Bulk_PS/RebBulkPs_3_5_V/limitLo    45.0    45.0    45.0    45.0   45.000   45.0    45.0           0.00
488   REB_Bulk_PS/RebBulkPs_6_8_V/limitLo    45.0    44.9    45.0    45.0   44.975   44.9    45.0           0.22
503  REB_Bulk_PS/RebBulkPs_9_12_V/limitLo    45.0    45.0    45.0    45.0   45.000   45.0    45.0           0.00
506    REB_Bulk_PS/RebBulkPs_Brd_T/warnHi    19.0    19.0    19.3    22.8   20.025   19.0    22.8          18.98
530               BFR/RebPs_Spr_I/limitHi    20.0    17.5    33.0    28.2   24.675   17.5    33.0          62.82
